50
9588 6656 6239
1404 3629 1952
1735 9221 6527
381 7591 8302
9445 3224 2436
6759 9783 5107
9267 8804 7190
2309 3374 9409
2803 2630 4687
7464 1902 2017
1648 1090 2822
4459 6702 4588
616 3107 6266
2413 6678 8989
8587 1181 7238
6911 5365 6079
2789 6370 5561
5969 4380 8407
3519 1085 8680
6177 3405 2143
7451 9142 7413
1063 218 4805
5025 6780 4161
9884 5271 3973
4934 9424 3672
6178 2521 9053
5416 4494 4504
6995 2276 3990
9089 2948 998
2837 9497 4215
1416 4744 6321
2781 1958 2618
4760 165 494
1741 4814 5342
8690 9573 8479
2125 8256 1041
9542 5766 3190
5496 7060 3442
721 1659 2784
1642 7614 4272
5377 3187 6330
2912 7675 4427
9458 2391 4527
7978 9935 7448
5589 1988 9780
4944 8930 9116
4291 2743 3728
3844 4415 1330
9392 2598 8238
6870 6569 274
