100
538 2140 901
2276 3566 7559
4550 6379 1690
7634 6271 2111
9422 872 2173
6008 5464 130
9588 2923 4377
4498 6221 9104
6828 5643 6542
9804 506 1790
9536 9669 4103
6996 7422 85
3167 5639 5480
7920 6516 8199
3219 4779 7382
961 649 9810
7322 6293 8228
438 9913 3686
3516 3561 3380
6101 3076 7676
3516 9052 6085
7066 728 379
5618 2080 5363
3452 9830 9315
4868 6689 2308
5039 4348 6080
9207 6499 8721
6070 2884 9796
8475 7580 2533
3365 8479 5882
7359 863 6763
4409 6657 9378
8529 8083 6033
6661 3964 1538
2608 4274 5583
8333 735 9987
2157 5146 5458
1116 515 4239
1931 7325 650
6547 7696 7491
946 4348 903
2336 5566 710
4203 1654 4276
1633 1996 6531
9879 4230 8276
9567 3966 5844
699 8841 1060
5941 2831 6367
6865 1141 9920
7718 8313 163
855 3287 6760
2698 7958 934
3981 5591 6947
2626 53 5492
9497 7863 9261
3792 8222 166
2003 4352 9722
2376 4649 1892
765 1799 1402
5766 9982 9623
9639 3013 5550
7634 2032 8176
4670 2488 6384
7165 8544 7884
3056 8993 7910
3021 3682 3937
1656 111 3625
9228 4074 7886
8445 4583 4222
3421 1340 3655
5627 5029 4451
3893 5248 7780
4742 4781 2012
9949 3248 8096
8673 9966 1021
2087 5450 5303
3489 776 4862
2296 3636 512
7185 7686 6067
1065 2793 4377
5326 7894 8148
3021 3289 1455
7522 9266 2993
542 7814 4989
3490 3090 7114
3641 475 4528
5101 4363 2789
3287 9570 8326
7093 3433 2838
8435 919 7587
1575 5679 2832
5519 8764 6816
694 3642 5421
7021 826 8283
8817 2843 9037
2231 476 9666
7950 8352 3405
5353 3648 4720
94 1984 5054
5141 4469 6771
