200
48 2705 3299
2931 7742 1826
8948 6466 6065
619 1589 3284
9146 1745 2500
221 6494 1903
9583 6282 767
7215 6833 8714
4906 1614 3222
3059 5535 8019
7820 3423 4088
9045 4174 4110
6786 7525 5638
7562 5599 475
8504 8683 7889
6591 2242 9029
7742 4256 5131
8104 5608 3354
2999 3708 9584
157 8909 4918
3560 6112 6874
2371 7977 3394
9215 801 3313
2418 6741 2521
1286 469 2901
9293 82 4065
8911 1273 7389
4738 270 3281
6424 8393 9705
1886 8236 6222
3475 5678 1882
304 6703 131
2153 9676 3391
1623 8241 122
339 5337 3234
3979 270 6767
3196 2633 9878
8700 5023 3114
4541 3920 629
1637 6672 6305
335 9285 9524
9782 5871 3925
2750 1174 7548
2282 3746 3695
7052 5709 4723
1117 5456 6888
3625 7479 1133
2794 2508 1990
7978 7220 9340
5965 1245 8755
5816 7481 4571
3815 3172 1485
6722 1803 5527
5008 3661 8942
5507 1113 2065
9370 5461 840
4688 3546 3482
8864 7489 2343
1685 9534 7523
4689 5696 1356
1357 9475 4617
5464 8039 2347
4181 8991 4076
7679 4754 6604
2012 1492 8273
5499 9368 7496
6210 4492 3240
9517 6547 5552
1365 6345 1673
8856 8565 7025
608 3832 3770
9673 1125 4182
8698 9036 2151
1912 8657 5266
5195 4559 7114
9246 1984 6541
6938 9128 4629
7078 2317 1201
3735 3163 7401
9501 4763 2373
7193 3074 2934
5004 1081 8780
2990 2921 916
3561 6113 7699
3590 3152 9611
3634 9737 5151
5720 9224 4730
192 9818 3174
7372 4752 1566
3826 9015 5160
2404 4550 6847
6989 9285 4575
7738 2519 558
299 2894 6086
5295 7486 4166
6488 449 4708
701 4887 3588
2560 630 3988
6006 6008 8263
7568 5366 6994
4320 527 1797
985 7927 3002
2972 63 9798
7058 7415 4466
4992 1710 224
4100 262 7023
4985 9583 4906
7569 1564 1196
7476 7794 6077
8508 7906 2300
5746 3609 616
2061 1381 6528
2821 6665 4841
1788 525 740
2857 1277 4718
1447 7736 5097
6368 5996 4300
7729 9812 6622
9143 5079 6475
8998 8833 201
863 3607 4830
3246 4793 329
225 479 5201
3549 8203 2336
5192 4833 5060
8855 2085 3625
9494 1140 9845
8651 420 7226
2639 8483 6560
3814 2359 7439
5052 7986 798
4961 308 7348
9667 3120 1808
5354 7963 2102
5867 2455 8900
3502 1313 5790
9403 3507 3435
9072 4002 4769
8645 5918 8198
6530 7999 5127
5006 6824 7746
3550 7496 5486
7949 1732 7800
8159 9824 790
5072 7922 3884
2538 8156 4171
5920 8944 4933
1792 3658 8429
9764 9325 6587
9134 450 8926
6198 5213 3776
8827 5862 364
8869 6257 8644
6649 5451 3973
5062 9025 5160
9602 7867 7945
9238 87 2488
6748 3018 9023
6590 2513 8635
3337 9261 186
975 2670 6351
9107 7391 2426
6956 1591 8331
1415 8721 710
7163 8399 5105
5626 5549 4394
7435 2950 178
2853 4887 4291
6643 5977 5712
9497 7708 2709
2425 5658 868
2045 2204 4744
8026 714 2265
5599 1726 2261
7159 4083 95
1863 3752 4380
3834 4027 6051
2145 7660 7294
9748 5755 9863
2044 6632 8540
9871 982 6892
9675 4183 8495
1542 6532 9118
3406 621 1506
7855 4677 9343
4721 3862 4569
6859 1966 5998
4146 2314 4735
1479 1247 4288
6138 9694 8397
6608 7799 5182
482 7296 3279
2601 7631 346
3742 2277 1969
7620 2596 8213
6426 5102 6432
4528 3082 3621
5845 3721 9780
8996 4608 5862
5356 454 7100
