500
2086 4435 5804
6609 3150 2158
3804 4933 7076
7924 4638 4946
6934 8274 1222
9730 2257 1300
1671 5965 8519
2211 1967 1516
887 9642 7527
3838 2468 9187
3132 4802 1029
3968 7052 4226
7040 504 1369
5984 429 207
8097 9883 2881
715 5965 4135
6649 6679 1529
6130 7702 7568
7725 3146 3113
4536 2855 9731
7837 3672 9208
2852 940 3609
4169 858 1737
9947 7374 9943
9678 7347 148
4195 9943 6061
3630 4288 2661
7165 2142 414
1372 9637 3494
648 3529 8164
5487 3375 1964
3265 945 3533
2228 6355 2369
5141 1888 1844
1244 1893 1570
7334 4172 5829
3640 2340 6709
2580 9492 92
3786 8878 5257
8958 1159 3219
8572 1330 7407
8540 6371 6037
5011 9586 9753
7252 8930 4277
6010 7645 2876
8438 8240 7031
5913 8230 9170
4981 4672 6582
1497 4597 7832
6788 7662 631
1310 9538 4970
7555 3456 225
9372 4031 8167
3856 9054 6696
3693 8970 9402
2498 7268 5879
4315 4382 7170
7804 9678 8613
3133 7591 650
692 8880 7625
5931 504 1455
8796 2715 8617
6728 5463 6792
6985 7748 7824
1571 2873 3563
2980 4745 4304
8538 9877 8031
4936 1962 2030
9811 4116 4760
4628 5284 1126
2242 1404 8170
3246 3943 2585
9483 867 7708
3842 3533 5575
2512 4295 332
4143 4872 6657
8467 66 3514
5257 1189 9072
7667 7835 9161
8272 916 1017
1971 5798 218
3945 2043 8679
2250 7327 1594
9987 6137 8671
5980 3804 7569
33 4920 8652
9875 1199 4062
5735 8854 2356
3477 3498 9804
3596 5474 8549
7113 3415 6244
5353 8904 4228
5927 9082 1934
1291 957 2990
4861 6964 1433
3121 3131 5625
8004 8692 620
3157 1631 3408
1126 35 9505
893 7480 5320
3524 8263 2807
2527 3145 609
3607 3965 9874
4710 1519 489
8142 7679 224
6007 9946 5350
7068 4631 7957
9445 1214 1329
8794 9769 4614
7772 2630 3086
411 6764 3703
1961 3497 8121
9519 491 9256
2873 2896 7569
8453 5330 2254
7064 4933 1567
1516 4102 7003
1129 8097 4478
6263 8912 3673
6380 1015 133
7353 2368 6539
4416 2375 383
5235 552 5974
1502 4145 8308
9423 9732 3448
10 13 708
1091 5233 5189
2285 6313 4730
4098 6917 7450
531 6488 4469
8486 8469 1816
9706 9496 468
620 2470 4182
9297 5129 7429
5916 4450 9795
1195 1222 4639
4991 2177 2706
5703 5373 9288
3625 7134 2259
1358 7939 5745
2503 2619 6694
8472 9869 5395
8084 630 6478
8874 7563 85
5610 8439 2093
1062 1713 9466
3964 7868 4655
5929 7146 7309
5772 7141 4337
411 288 9772
6078 3421 7998
7418 4894 7894
7743 1977 1788
7243 1076 9395
6579 4852 9408
8031 4055 5448
4152 8818 8756
7662 7607 6133
421 1503 2877
2726 1048 5949
7611 6706 2082
5879 4536 6857
688 3694 5673
1305 2697 9857
5173 3001 9502
6711 4621 1609
6867 4719 2303
5224 8211 4265
4003 8120 4592
7989 3178 5202
8656 8045 2909
6435 6638 6438
896 8037 7603
6089 195 9221
9653 5739 5992
45 8281 621
1357 4269 8045
7477 3737 4523
9416 8981 3393
2577 3572 1032
8751 772 3745
3031 2349 4462
1794 3823 3872
4690 9240 9020
583 9499 2457
5043 383 6436
57 4960 4733
2540 8172 3127
8799 5050 6066
4031 8461 3761
1595 6195 1383
854 896 2986
6574 4799 7075
8808 1758 7247
7127 3954 2451
1616 478 480
2324 5482 9589
4060 871 3760
330 191 3007
5229 2280 301
824 8024 1149
8083 2821 6862
114 1640 3514
7840 8550 8535
749 1149 3651
5881 9039 1583
8655 9392 3166
2953 6059 6562
351 7155 8248
8008 1827 8256
4572 7188 2925
9277 4590 2669
9831 2046 4054
7929 6299 4289
1803 2317 9904
3282 3866 1948
3484 2699 2755
4031 644 719
7690 9765 4764
2135 1536 8475
6160 5254 1876
4916 5756 7857
8559 2773 5445
3084 9343 4121
1156 3402 8456
408 1178 7661
9584 7271 5976
1197 8745 3626
4716 6170 5570
8778 6961 9170
6262 1948 6114
8098 9544 6057
234 2658 4989
6422 5275 6860
5308 7335 3793
4677 4273 9597
1368 2279 4179
6076 4043 8979
5053 4885 2387
4328 7700 5258
2843 4631 3776
3485 4643 3663
3360 6001 331
8670 1038 8605
8845 1715 5598
6678 2497 7210
8764 1555 3250
4070 9016 182
3363 4637 5901
8595 494 2793
1892 4784 8039
1065 3814 5531
8279 7587 1098
3404 5695 305
8062 9046 2676
8353 707 1875
4956 3766 9469
5956 3808 9769
2169 9388 4938
7590 8820 3476
6338 6144 2691
4408 227 5906
1554 4204 1526
1864 5222 8768
924 8474 5068
1152 6332 6096
7945 2847 1315
8393 1914 4528
8917 7312 6603
3756 1924 2073
728 6925 4316
1307 3453 4093
380 9336 4183
679 6974 7824
448 6063 4739
5042 7299 7890
4769 2145 7927
501 6264 4354
4046 6110 241
6963 3270 1348
3488 7851 326
5384 9901 4078
9088 5290 8911
6515 2250 561
9113 7318 4055
2680 5487 4147
708 4016 7091
2407 3274 6793
8727 9626 8584
3565 5469 2538
9274 4477 5354
1454 3815 1809
1510 2889 7860
2457 2787 5412
5269 8849 8246
5313 2125 1402
9426 3464 3551
1556 1293 4437
6564 1330 8881
9241 2327 3153
9761 5018 6162
1861 4980 2039
617 7906 870
5549 6539 6698
6129 8089 6781
6650 5827 9445
5576 6820 8959
9285 571 3622
9654 5341 453
3085 446 96
5537 6101 7760
2859 5359 1119
9020 8994 6991
1652 6299 9674
9393 8896 256
4388 6327 4411
2294 7546 2715
5365 1800 6791
6784 7496 4645
9384 5866 9629
984 6267 201
4748 609 843
173 3266 5867
5533 6112 4055
9894 5442 5997
1040 611 1978
8009 8900 2898
9963 2655 8585
8557 2103 3755
3813 2628 2835
8806 9767 5421
5860 1296 8901
6170 6074 5585
9034 3795 3326
1940 1823 7745
6562 3634 1321
7709 45 3919
6119 4421 1584
2608 3310 3960
6934 8356 670
5365 9268 3752
7932 8493 5960
8865 3884 9808
8458 8061 4996
9377 2469 891
6466 2989 3512
6669 2135 7157
156 148 7867
1763 9551 9778
5042 1972 1877
6452 1725 5479
322 4892 4283
7036 5476 7539
625 6180 9258
1002 1960 4588
6835 4833 731
2466 2200 2425
9810 4938 1526
2524 8644 4867
1162 9971 3098
4468 2244 3005
3879 3537 2043
6095 9859 5780
8337 7158 5296
182 300 8316
7679 5222 5475
5844 9843 9568
7744 4986 8399
597 3990 3975
3745 4893 1556
4526 8712 5860
5154 7724 681
4404 7511 3059
624 6562 7970
636 8269 5966
3912 8943 8837
1112 384 1463
349 6929 7421
9974 1121 5416
9552 1482 6575
6622 4188 312
2269 2710 7136
5837 8317 5538
7110 7178 1141
7818 4115 3591
1583 5306 8870
5984 2293 8853
6633 2537 7249
7699 9193 5854
8264 5311 5000
5024 6252 2591
6262 3222 9345
8372 9271 1541
2390 5033 8017
4973 92 7114
7398 2591 387
4070 6681 6746
8745 1593 9952
3162 5258 9676
3907 7062 5926
5118 5647 5416
7020 8746 4633
4543 6954 4792
5680 2750 9120
7601 4294 2523
2585 911 1746
2783 6323 6946
9124 5309 5211
8828 5099 8633
6352 5791 1910
735 6905 9545
2985 6375 7646
7247 2474 949
9196 4851 1284
8668 5857 9186
663 5592 8700
8604 3880 7241
2069 8164 3337
3528 9868 4123
3208 934 211
1255 4319 2328
4053 8794 388
4716 8071 19
8482 7310 5006
628 7745 6986
1183 7114 735
5522 9270 6622
7533 9937 9955
7921 3950 7045
2352 4550 7398
8743 1692 5404
8834 3039 5656
7047 7405 775
1808 7578 132
1231 3337 5752
5750 604 6299
1655 3281 7787
4933 8032 3437
5267 8854 2843
7219 2799 8409
5970 2929 5883
3073 8907 454
3415 2758 3072
8055 6368 7160
8821 8964 387
7047 272 4802
7126 1999 1340
2423 4380 4243
6570 7534 2362
597 1519 2723
2671 5112 4825
4027 306 2375
5990 3211 5330
8123 4819 8165
8183 1941 7930
7699 5776 3527
3050 6154 1006
5042 7241 7229
6248 4951 9427
1791 1571 2850
4023 1725 5132
2820 3836 6900
5193 5549 918
6243 5275 7143
3802 6631 9708
9965 5953 9575
8880 3485 3231
11 7717 226
2467 8362 1924
4745 2951 2662
2949 6870 9892
6565 9236 8247
6823 7488 1371
1830 8771 9478
5329 1343 358
9792 2624 3035
9970 4534 1823
7505 3554 461
7175 639 2710
710 9425 1525
8786 4661 5773
1071 814 7109
7032 5456 9451
7063 1621 2715
6733 8380 7335
7277 3256 7211
6810 7251 2070
6901 9713 1732
9016 9485 3778
9162 9273 8577
1272 14 6160
4573 2617 6651
6859 8768 6768
2308 3279 2144
3499 5540 1484
9321 2131 5049
2959 8047 9566
1414 5857 3069
9189 8214 4428
4563 24 9803
