1000
3763 6932 3329
5378 9411 5794
1218 4647 876
9602 1124 2038
5974 3992 5155
4829 6377 1862
1586 6172 5912
2739 8610 1045
299 8040 6376
3342 8614 4677
4622 5970 8161
2574 7221 6926
1437 221 304
6914 2304 3817
71 5454 6827
6546 7880 6879
4217 1510 7287
2390 908 217
7611 9588 1564
2495 7289 8663
247 6810 1867
8411 5604 5327
9141 5076 9304
5013 7449 8522
9125 3641 4697
3873 894 2101
9201 3442 9823
1623 1107 6104
8468 4294 56
9394 4943 6079
3826 8349 5110
3136 6076 9567
114 1938 2363
6822 1571 2072
1897 7223 385
7128 9776 7855
7677 3959 5653
8813 1407 4147
5555 725 137
3967 1298 5105
2979 9986 4228
4193 8868 8979
2872 5783 6680
83 1059 8502
739 4991 3920
3954 629 9092
6493 4769 6078
462 468 3543
7867 4841 1984
1840 5542 9483
245 1492 1057
5577 1659 2209
2203 6013 2586
2608 8213 250
6418 363 580
6967 6193 720
6681 7143 6833
465 9592 1162
2677 7039 2679
2933 1602 4361
4973 2547 7818
8995 7453 5372
4895 2487 9880
316 6197 507
5023 7438 3578
273 375 4215
3329 9791 6069
7402 1902 4926
8773 9939 1829
7544 2865 1469
2314 7777 1230
7355 2701 8338
4960 5569 3676
5950 627 9933
3643 9980 7391
8947 1513 2335
2504 4962 5589
4245 2338 9137
5450 6618 1475
4576 1805 7089
5932 4231 2801
8477 5387 6169
3808 7587 321
8092 4772 9519
6028 7716 8768
5713 6873 2515
7258 826 7314
348 4612 7708
7844 3716 8839
2148 458 9315
6046 354 738
7989 9532 6828
5919 7407 8739
8559 7372 9943
7961 811 5026
9769 4432 6939
7482 542 202
4902 424 4764
1609 388 8992
4826 2164 9596
5610 6809 1017
6675 5421 8747
82 1242 1752
8270 5203 8741
3794 4751 9057
7871 689 5472
7753 4128 9127
4521 9836 3528
2105 4917 4772
6010 9503 8452
6830 8812 2224
505 9294 2635
9970 1790 2693
6630 2155 9548
908 3746 2488
1224 5910 7827
942 590 6525
6566 9682 2052
526 7249 2476
1189 823 3135
7867 1658 6987
6540 7775 2949
3378 2304 3228
5852 1886 6153
1925 632 5437
4954 439 3272
9124 6018 1806
95 7244 116
5304 8661 6133
9927 92 1587
5893 8330 4208
1784 4281 8609
5333 5994 9850
1696 5655 8376
3924 8482 178
1155 529 5396
6957 8434 9366
4435 1942 2328
3797 5193 8697
6017 4370 8820
101 130 6864
4761 6411 9460
8825 723 3270
8498 7486 339
9239 7470 6606
9220 5691 1039
5884 1639 7662
8328 3967 3416
2421 5373 6831
7568 9 9301
4887 7937 6822
6054 8255 4565
7712 7751 847
2650 4191 5182
6615 1596 7092
6621 8045 4544
3478 6130 7955
3360 1535 9586
2641 3886 5855
2994 8955 3803
9149 4644 6705
8183 1008 3572
3702 8832 5473
8582 2727 2940
9169 322 3789
3637 6133 6227
1723 8885 6307
3626 3950 2989
2842 1957 7793
7090 5566 4291
9732 7005 9051
1422 5639 1904
6319 198 776
6857 8605 1300
3441 9836 4759
4146 2187 8707
3239 8951 1346
523 7805 3319
4505 1700 6623
5412 1434 1163
285 117 8528
6634 9354 2360
543 6215 9828
4155 5715 6655
6197 2047 6899
278 5109 1541
7664 863 5016
6061 1828 7974
4901 438 9178
2654 8214 8449
3838 6160 5557
6684 5808 6838
3027 5683 6772
7069 2069 5174
4417 5611 4680
2141 6514 7212
507 2634 7566
4897 1259 1864
2659 5711 4226
8699 4113 4529
5561 597 8783
5630 6014 3398
9385 8332 4209
4986 7169 3922
6962 4076 7512
6694 8588 2175
2465 389 7976
2283 3145 1380
7030 5441 7145
5710 8964 26
3265 6893 7445
6953 9956 6576
8297 4605 7388
8878 7660 4904
1108 4048 4767
3174 5291 6655
3170 5371 359
2140 2422 3125
5209 3289 6613
2135 1628 6280
1380 2958 1389
7882 5483 3876
8002 7134 5608
3482 1038 644
519 4842 4564
5675 6391 1572
7996 6404 7468
6860 9158 1387
6878 5579 5232
4434 5854 6800
2314 5208 1940
9629 3460 8462
3814 9167 4907
2785 2486 4911
8089 3287 7490
3629 6237 480
1523 4308 3325
6560 1805 1079
5689 832 6010
8585 2838 4602
1418 7907 8753
420 2300 1224
9263 351 3026
9360 7545 5987
2911 2005 8299
2967 9632 4431
8081 8953 2424
4457 5498 2201
9963 2730 2001
4572 5693 4292
4619 8475 4285
6398 7074 2919
9021 4491 2056
5879 7910 9724
3042 4007 9001
3394 1975 5616
3030 1572 7952
600 9172 139
9130 3688 4747
2700 4312 687
6859 4818 9882
1654 3126 9570
8212 4028 7042
5450 960 5018
459 8934 7902
3150 7131 2561
3685 9130 116
4573 4060 2564
5326 7794 8112
4377 2745 4112
3161 6202 1881
224 3823 3525
5230 7898 793
2359 3326 7789
8753 8745 4337
625 6129 483
1099 2162 3205
426 9643 9713
3178 1073 1967
2625 1740 5543
7078 5954 9719
7848 3055 8234
2822 3023 7516
4364 1282 5904
6964 6533 7711
18 305 225
9897 2865 7875
9232 4749 5166
2819 7095 4260
2223 3111 5714
3942 6547 3099
7731 2472 422
2582 581 2190
2575 1934 9455
9289 8123 1992
7323 5193 3399
3121 5123 5237
326 3124 6182
730 9666 9346
2726 4868 2396
3705 2214 1941
7292 4840 4778
2127 3270 6097
9209 7932 1731
4434 7342 817
6989 6388 3521
8256 6462 3210
3420 835 6410
6592 2465 7760
4403 1712 1255
3881 831 7495
5626 5586 4899
9964 95 5912
9718 3623 2608
5293 5701 4386
5682 137 7576
9715 7023 166
8837 9061 3062
7596 1133 6177
1972 9282 79
731 7389 7153
2454 685 2116
9295 8363 5570
5510 3842 1897
8792 7289 2025
6627 508 232
677 3296 8443
9484 281 6397
8363 6703 315
3587 9037 9545
2360 6883 3189
3914 8959 3042
1891 8027 2263
519 3721 4362
226 2533 8834
3667 9382 8773
7939 9298 8265
643 7440 952
8138 991 3363
4125 3996 5537
9182 9279 9030
9084 451 2114
651 5614 3007
365 7515 2315
7391 7627 7924
4680 8847 2754
6237 9317 883
6754 1905 3984
4157 2185 2279
1388 5678 2631
4663 2570 3275
2761 9895 7056
1274 3016 8868
1272 9704 7720
7599 4424 2878
8353 6716 762
3191 7114 1540
2903 5010 6638
4254 2343 8763
7930 3173 1014
4922 576 8108
7913 5980 6715
4391 7836 6249
6833 5394 1316
1270 4092 1538
2798 2152 9750
6431 9866 276
7048 76 7175
6432 217 3341
2101 2699 5634
110 6011 3037
978 3396 192
3138 587 875
1831 5720 9741
9655 4066 4432
1598 4896 3535
2316 3205 7230
7948 8376 5205
3688 886 5654
4673 2589 9770
4482 9496 3143
9158 906 9293
5526 6375 3122
2724 3547 1909
3570 5896 2061
4368 4830 4875
7156 1375 336
9797 8463 4331
7391 1559 7004
617 4167 8031
8783 1911 7108
5855 6439 7018
4037 4266 4198
5118 9225 849
3525 6468 4456
5574 8980 2181
6783 9411 3298
4552 4602 6601
6869 5653 762
9051 5715 373
4951 4084 4331
7746 9793 5801
9911 2809 8518
8019 4487 7188
9755 140 9737
4197 7270 4298
7715 6140 6348
8517 6652 5006
3418 6476 246
4573 6427 4992
6313 1408 2394
8065 8849 974
7020 6259 566
4213 6302 5514
4866 390 6597
5337 8692 5446
6940 2927 3512
6254 5187 778
8228 1344 5880
5370 5954 5413
9930 5670 3630
5233 7933 2083
277 9664 9072
3467 6198 9730
5657 1277 3462
2832 9987 5748
6644 4736 8171
9331 5739 1727
1575 6186 8595
3476 5130 2963
7036 6411 4472
2380 6751 4866
9525 35 6812
7599 7050 8324
7134 4324 9311
4948 5491 5886
2966 9375 4579
534 9433 9366
5619 4491 2463
2893 1670 8278
3197 3790 734
3960 6775 9399
3302 3184 3833
1913 639 6895
8971 5628 1505
9307 9585 6623
2080 1220 9018
8357 693 6043
9135 412 2271
5165 7235 7866
2679 2796 1195
2363 2444 902
4711 3177 855
4034 6082 8643
5172 6205 700
1981 4530 8980
6920 5889 7153
1645 8530 2399
2996 9165 9664
8670 504 5154
4519 9907 7419
8753 3050 9052
4373 8936 4986
1251 344 2901
8559 2955 3550
8659 7275 1210
4023 8650 7145
3162 9613 6791
7232 3795 4296
9817 3198 3762
3250 6510 4011
3554 5468 5101
3617 733 6848
7953 1855 2506
2607 5849 3854
1814 7692 6368
8166 2451 7016
9969 7026 8512
5354 1407 9356
8782 7613 7232
5958 2158 260
1419 614 9376
2853 1563 678
294 7696 330
7711 3971 2769
6511 4964 3653
7199 1978 6144
7737 2301 8957
1724 8525 9482
114 3823 1034
6034 6175 4561
1979 173 1487
8444 5095 7348
1304 1286 9453
7285 5119 63
6723 1992 2897
7329 8567 7228
6526 4735 3260
5280 1028 1657
1965 1903 5695
6193 9972 7627
2718 7753 9115
744 6207 6594
875 6740 5396
8545 6635 3157
7649 2076 3587
3906 9958 4993
499 3120 5101
4887 9603 5908
4522 7573 5174
2810 2817 6117
3556 2747 1165
5016 3133 242
6966 4514 8224
7999 869 4208
7359 7923 8090
4957 7263 5245
1609 5627 5025
1483 8581 8794
1589 7801 1793
1610 5433 4345
978 4079 252
4510 1480 3512
3990 375 2869
8519 3390 5782
916 946 1903
2785 1578 3328
8030 7184 8824
2322 7338 4261
119 9069 7028
1162 1954 6130
7489 956 4384
245 330 930
239 7707 6958
5193 7236 2257
2448 3052 3395
6694 8478 4324
7357 1204 8790
3458 5330 332
8600 8945 6782
6599 3905 8071
638 9080 6489
4296 8235 8879
362 4658 52
925 3909 7400
7803 4689 1116
6511 2563 4560
2102 486 5872
4947 3927 1325
2961 3430 4530
7395 8525 1684
6944 1621 5288
8771 2662 8237
597 5965 891
8561 5778 5792
4072 2150 2662
9598 5173 1877
177 4823 523
9809 4321 339
6974 8488 8585
5204 1322 8529
4422 2472 2297
6380 7918 8916
8677 1748 2250
2095 5170 8781
4608 2303 1918
7894 1068 4921
7630 8783 8558
3356 8300 1530
2262 6798 4479
2690 192 7693
8851 4497 6358
8942 4000 316
7179 7365 9852
9223 7108 2183
8837 3818 9771
3852 7815 2962
8276 1446 3938
9801 7175 1254
2575 2358 3050
9779 3328 1070
5175 929 3147
5134 9220 9120
4912 5023 6119
1405 7033 8806
5051 3393 7556
3606 7700 8746
4083 53 6797
6265 3918 8627
5759 9630 9701
356 7119 2832
134 3632 8830
5173 3748 9547
4979 4622 7110
3105 5405 6619
3199 8477 7248
5312 3253 3509
5503 9849 3653
9411 4629 731
4272 5951 6248
8443 5475 2429
5940 5464 1795
5870 5668 4973
1945 4188 9615
1514 5047 3211
3780 6586 4773
3632 3424 1055
6474 9705 3289
4010 3777 2307
8207 5163 9940
6415 9429 9687
2221 3335 9998
9145 836 2801
6015 2324 8322
7698 6563 9431
4259 4969 8839
2966 5118 3559
4377 2859 1315
8954 3382 3628
7114 8086 7009
3120 8967 1353
8500 8943 478
9261 6424 8949
6890 3853 1915
4953 1328 2372
8099 4110 1160
7623 1260 4744
3142 1189 4213
4571 984 6198
8542 5397 8842
245 6224 5047
7186 1986 6701
9845 2148 5374
4188 447 4782
7224 7881 8094
6125 2172 7529
5467 8051 8759
96 7310 6577
7520 1846 9704
8960 2235 1801
7313 6012 7733
2247 2122 9167
4347 4012 8175
3563 5658 3914
4112 4650 8634
8165 8126 6193
6795 5870 7842
2217 8177 2208
4847 1057 2503
3251 5699 5977
166 2722 2903
1288 2268 3015
1262 1702 6452
6024 1379 9104
4081 111 6181
8488 5637 7572
1783 4846 8736
3461 8553 8950
8665 4702 9529
9424 3943 6783
3286 9587 622
4073 4795 806
1592 9730 6082
7492 9726 9661
3382 7344 3856
7352 1899 3211
7128 9977 5772
3356 238 9836
9927 2984 624
5563 3068 6927
6615 1654 2264
6059 2830 3019
9105 6577 3671
5011 5328 4487
6800 5006 4322
9934 6540 3447
585 9111 8039
2667 260 4524
9926 930 1420
2004 5421 5386
2324 3277 7112
7069 9586 4726
5449 2503 9546
1700 6381 751
2300 3821 5773
5597 8186 6613
742 8584 7967
6981 7090 6492
2578 1610 439
7452 7540 5995
9139 1761 1836
7621 3241 1321
5701 1559 7792
382 9421 4932
649 2512 8003
95 986 7821
1182 630 403
5538 2232 7509
1168 3003 4928
2297 1446 6595
4661 9031 49
1298 4134 2888
2386 2962 8221
5934 253 1626
1966 6792 3289
8564 6125 8208
9915 1938 1117
429 5941 169
619 1398 9548
3355 4577 5840
7303 8751 5203
1780 7374 2665
3188 754 2591
9667 9608 9150
9639 5198 1721
2421 9143 8386
3661 2150 7400
4034 5348 7131
680 6078 1385
7395 7672 4436
6746 7950 3160
4187 7133 8495
2258 1864 2938
2427 8658 3633
1495 6670 4784
9053 519 5072
2334 2115 3413
9993 1180 7440
5827 3288 9752
7154 7265 6935
2230 3189 1985
9674 3705 6866
7633 7990 4660
7434 7738 1533
6527 7109 2091
9935 9098 7276
3959 477 5361
4168 6438 2442
4186 498 4726
5170 4797 4965
2442 1341 5687
6361 4081 2747
2157 8175 481
6649 7710 9466
2324 304 170
3837 373 2804
3805 2547 7297
157 5990 2375
8583 735 2839
3183 9962 1285
6622 5628 7938
440 5438 2774
9813 5370 1794
6615 5800 8402
2741 136 8689
7600 7846 5343
4314 6370 4314
2174 8546 4828
3918 8771 3384
3220 3313 6964
5189 344 4782
5877 1641 2259
5286 5251 2834
1892 5859 3021
1785 389 3533
2950 1992 496
6909 5417 460
369 6905 1459
8244 9575 5085
9979 7597 4234
6145 4333 6968
1487 8419 6146
8976 7152 2574
9058 6592 6616
5461 3677 1549
5538 578 7615
1958 794 7335
559 9188 8797
203 6160 7642
6762 828 3285
1034 3713 2328
2086 3659 6887
1450 725 4175
6261 2351 2039
1179 5386 3136
2098 7317 4246
581 1173 6252
9436 5504 9785
4778 2133 8382
4607 8891 101
5285 7625 9566
3591 7827 32
3117 5752 9780
9701 4647 8171
7971 5739 8064
5660 4829 3942
6726 7023 9722
2820 1613 9257
7090 8544 9120
9168 9757 2343
9809 2626 5419
822 7212 8395
4985 4524 5133
2849 6926 6675
7003 6214 6423
5739 9442 9010
1441 7870 3002
9408 5819 1347
7779 2580 7794
5623 9068 21
7643 8013 2746
36 6648 6789
620 8427 9944
2411 6302 6433
3204 1263 4117
518 1224 361
7127 7339 5166
3251 6605 3540
5287 1269 8261
1312 1357 9281
7522 2397 4609
4803 8598 3680
5316 3743 8279
968 570 3633
6853 6563 9746
3767 2110 8649
3792 7076 7303
6503 4311 9553
122 6459 6484
133 8613 9519
7114 5665 8554
6703 2543 9498
7082 7634 4313
4391 9923 8889
6233 3448 2574
9033 3021 7016
8430 7464 851
1753 3688 4433
9182 5290 2821
975 9036 4844
448 2011 8080
2883 8175 8929
6168 6138 8496
4804 2167 3216
5375 8059 667
1310 9331 4792
6000 922 3162
7594 337 7413
5512 3927 934
7536 7022 1259
3665 2464 5608
6104 5722 1172
5363 3026 345
8653 7672 3256
6564 6712 3266
400 5309 2862
3677 3870 5209
245 7470 452
2799 5533 9056
4293 3330 8968
227 6493 2704
8366 815 8576
1039 8992 5543
658 8919 7158
406 6027 8026
3709 1188 9486
8962 3703 760
2722 752 2695
6806 5191 7878
4554 4466 1796
5794 687 8932
8352 327 7846
2613 1440 3356
4090 6867 8238
4525 9965 2470
2030 8404 8327
4155 1097 8810
9355 4840 924
5101 613 6552
6139 3757 2041
3333 9759 8439
1524 6890 1676
6907 5217 3917
4376 6093 2032
7703 8373 2499
4124 6793 7020
3318 7747 1832
4874 9294 179
7739 2245 1761
6206 6421 7479
4312 1274 5626
5891 9371 2009
319 429 9328
6414 9317 7222
398 8401 7989
8679 266 9611
1236 3668 763
6819 9880 998
1114 6642 844
7556 4619 6510
3757 5967 4409
1150 3733 6011
8936 2901 4701
1151 5333 7604
6855 6174 5988
8626 8368 6802
9251 1227 3454
4260 6155 644
9595 9018 7538
3678 5983 7305
5254 6463 65
1620 9687 5736
9334 6988 2920
2709 5726 2848
3537 437 8664
4489 4577 4242
9295 4904 8752
9956 6622 8043
7690 810 9961
5366 1092 9990
7047 8989 4707
6765 7838 7584
833 2565 5053
8407 4886 9704
4975 9325 893
1432 8987 9441
2716 4171 6045
588 5425 4609
3915 2761 1691
5451 9060 5501
1793 7247 6246
1765 2187 9386
6485 1440 4039
7717 4315 2736
9475 6549 2642
9301 4942 4077
8187 6207 9482
1912 1240 2972
2106 8749 7450
962 9089 8662
7484 9538 4026
2603 3039 9460
5786 8954 8775
8946 6536 4626
8432 4694 5521
7018 4663 4993
7491 437 6071
2992 5537 4548
6241 9061 2322
416 4460 4010
7798 1264 1517
8224 6988 8785
9245 4743 9706
9519 3134 5003
4817 1907 3204
1884 9702 2484
3763 5680 8590
8030 1702 8822
2370 4248 7310
1926 2143 8854
5635 2557 3296
3947 6527 3377
1548 262 3533
6094 5705 7806
7431 5678 724
8949 5093 5957
1638 3602 4428
1856 4877 1678
8738 1093 9185
9963 354 4719
6937 1498 864
4613 7342 4710
9507 8617 4716
7194 3006 4722
926 3977 7646
7898 5984 9156
7978 8268 7679
3077 9933 5378
1004 902 8012
2674 8774 8223
8537 2453 4563
7518 9734 9897
8641 5094 3658
423 9307 8739
2981 1510 7830
2187 7806 9462
1185 389 5260
8374 4545 8096
2343 7116 7214
508 3753 4938
2866 6833 2881
634 7871 8916
4614 7316 3436
7359 3062 215
961 5689 547
2195 3712 626
6333 9444 4758
2889 4564 1914
1899 1366 7067
2520 5466 5659
